a1 = 15 105,145 119,137 105,153 90,150 93,146 107,130 114,149 102,156
a2 = 15	115,113 101.113 92,113 98,110 105,107 103,108 88,120 76,108
nu = 15	48,100 56,100 63,95 58,105 56,109 40,97 63,103 58,98	

wl = 16	60,97 60,97 60,97 60,97 56,97 56,97 65,97 65,97
dt = 16 75,135 43,100 89,95 116,123 99,138 34,120 57,90 124,104(copy wl)
dd = 1	90,120 70,110 70,110 90,120 90,120 70,110 70,110 90,110
	69,90 58,64 108,59 114,78 97,92 54,83 74,53 123,70
gh = 12 82,109 84,112 77,105 80,112 86,119 68,121 70,108 86,105

from !4

wl:	3c61 3c61 3c61 3c61 3861 3861 4161 4161